13.4915   20.1809
   16.3205   27.0317
   15.4954   22.6937
   14.9590   25.1154
   15.2580   26.6339
   12.7867   24.0621
   14.8804   27.3007
   17.2683   28.9226
   15.1391   23.6671
   15.0585   25.6114
   13.9617   22.1362
   14.9564   22.0489
   15.3286   27.2884
   15.6030   25.4524
   14.4728   24.4833
   14.6656   26.7609
   17.8619   28.4593
   11.8062   23.3779
   18.1529   30.1252
   15.4774   27.4110
   16.4143   26.5901
   12.6465   21.7106
   14.1656   22.9356
   14.6068   27.3372
   15.5978   21.8895